# id	left	top	right	bottom	texture_id
[SPRITES]

#WHITE
80001	1	1	16	16	30
80002	18	1	33	16	30
80003	36	1	51	16	30
80004	1	18	16	33	30
80005	18	18	33	33	30
80006	36	18	51	33	30
80007	1	36	16	51	30
80008	18	36	33	51	30
80009	36	36	51	51	30

#PINK
80011	1	52	16	67	30
80012	18	52	33	67	30
80013	36	52	51	67	30
80014	1	69	16	84	30
80015	18	69	33	84	30
80016	36	69	51	84	30
80017	1	87	16	102	30
80018	18	87	33	102	30
80019	36	87	51	102	30

#BLUE
80021	52	52	67	67	30
80022	69	52	84	67	30
80023	87	52	102	67	30
80024	52	69	67	84	30
80025	69	69	84	84	30
80026	87	69	102	84	30
80027	52	87	67	102	30
80028	69	87	84	102	30
80029	87	87	102	102	30

# ani_id	sprite1_id	time1	sprite2_id	time2	...
[ANIMATIONS]
81001	80001	1000
81002	80002	1000
81003	80003	1000
81004	80004	1000
81005	80005	1000
81006	80006	1000
81007	80007	1000
81008	80008	1000
81009	80009	1000

82001	80011	1000
82002	80012	1000
82003	80013	1000
82004	80014	1000
82005	80015	1000
82006	80016	1000
82007	80017	1000
82008	80018	1000
82009	80019	1000

83001	80021	1000
83002	80022	1000
83003	80023	1000
83004	80024	1000
83005	80025	1000
83006	80026	1000
83007	80027	1000
83008	80028	1000
83009	80029	1000