21 3 43
g
34 115 732 10 
0 0 4 0
g
161 147 93 10 
1 0 1 0
g
256 179 32 10 
1 1 1 0
g
289 213 62 10 
1 1 2 1
g
352 180 32 10 
2 1 2 1
g
416 147 61 11 
2 0 2 0
g
609 212 60 10 
3 1 4 1
g
641 163 94 10 
4 0 4 0
g
898 114 158 10 
5 0 6 0
g
1185 114 253 12 
7 0 8 0
g
1408 208 96 16 
8 1 9 1
g
1505 161 62 12 
9 0 9 0
g
1376 82 509 13 
8 0 11 0
g
1601 146 222 11 
10 0 11 0
g
1729 211 191 12 
10 1 12 1
g
1920 179 63 12 
12 1 12 0
g
1856 115 222 10 
11 0 12 0
g
2018 179 60 12 
12 1 12 0
g
2113 162 30 11 
13 0 13 0
g
2049 82 158 13 
12 0 13 0
g
2177 148 93 12 
13 0 14 0
g
2241 115 61 11 
14 0 14 0
g
2336 148 62 11 
14 0 14 0
g
2336 211 31 10 
14 1 14 1
g
2368 179 96 12 
14 1 15 0
g
2464 116 63 11 
15 0 15 0
g
2496 83 62 11 
15 0 15 0
g
2528 163 31 11 
15 0 15 0
g
2496 211 32 11 
15 1 15 1
g
2592 115 63 12 
16 0 16 0
g
2624 146 159 12 
16 0 17 0
g
2721 211 96 12 
17 1 17 1
g
2848 179 62 10 
17 1 18 0
g
2944 148 64 11 
18 0 18 0
g
3008 115 127 10 
18 0 19 0
g
3040 163 94 10 
19 0 19 0
g
3136 147 31 10 
19 0 19 0
g
3169 181 29 9 
19 1 19 1
g
3009 211 338 12 
18 1 20 1
g
16 218 272 13 
0 1 1 1
g
673 220 735 13 
4 1 8 1
g
353 220 255 13 
2 1 3 1
g
1506 220 220 13 
9 1 10 1