g 34 115 732 10
g 161 147 93 10
g 256 179 32 10
g 289 213 62 10
g 352 180 32 10
g 416 147 61 11
g 609 212 60 10
g 641 163 94 10
g 898 114 158 10
g 1185 114 253 12
g 1408 208 96 16
g 1505 161 62 12
g 1376 82 509 13
g 1601 146 222 11
g 1729 211 191 12
g 1920 179 63 12
g 1856 115 222 10
g 2018 179 60 12
g 2113 162 30 11
g 2049 82 158 13
g 2177 148 93 12
g 2241 115 61 11
g 2336 148 62 11
g 2336 211 31 10
g 2368 179 96 12
g 2464 116 63 11
g 2496 83 62 11
g 2528 163 31 11
g 2496 211 32 11
g 2592 115 63 12
g 2624 146 159 12
g 2721 211 96 12
g 2848 179 62 10
g 2944 148 64 11
g 3008 115 127 10
g 3040 163 94 10
g 3136 147 31 10
g 3169 181 29 9
g 3009 211 338 12
g 16 218 272 13
g 673 220 735 13
g 353 220 255 13
g 1506 220 220 13